image_width: 640
image_height: 480
camera_name: kinect
camera_matrix:
   rows: 3
   cols: 3
   data: [ 367.88154454, 0.00000000, 319.98900747, 0.00000000, 367.38647783, 233.21884298, 0.00000000, 0.00000000, 1.00000000 ]
distortion_coefficients:
   rows: 1
   cols: 5
   data: [ -0.23728379, 0.08978611, -0.00457304, 0.00022193, 0.00000000 ]
rectification_matrix:
   rows: 3
   cols: 3
   data: [ 1., 0., 0., 0., 1., 0., 0., 0., 1. ]
projection_matrix:
   rows: 3
   cols: 4
   data: [ 367.88154454, 0.00000000, 319.98900747, 0., 0.00000000, 367.38647783, 233.21884298, 0., 0.00000000, 0.00000000, 1.00000000, 0. ]
