image_width: 640
image_height: 480
camera_name: kinect
camera_matrix:
   rows: 3
   cols: 3
   data: [ 342.20985895, 0.00000000, 319.17176991, 0.00000000, 341.84598279, 234.33379014, 0.00000000, 0.00000000, 1.00000000 ]
distortion_coefficients:
   rows: 1
   cols: 5
   data: [ -0.20557408, 0.05392927, -0.00402699, 0.00313450, 0.00000000 ]
rectification_matrix:
   rows: 3
   cols: 3
   data: [ 1., 0., 0., 0., 1., 0., 0., 0., 1. ]
projection_matrix:
   rows: 3
   cols: 4
   data: [ 342.20985895, 0.00000000, 319.17176991, 0., 0.00000000, 341.84598279, 234.33379014, 0., 0.00000000, 0.00000000, 1.00000000, 0. ]
