image_width: 640
image_height: 480
camera_name: kinect
camera_matrix:
   rows: 3
   cols: 3
   data: [ 369.65225475, 0.00000000, 317.41084129, 0.00000000, 369.66245522, 231.48877543, 0.00000000, 0.00000000, 1.00000000 ]
distortion_coefficients:
   rows: 1
   cols: 5
   data: [ -0.23258734, 0.05945540, 0.00000000, 0.00000000, 0.00000000 ]
rectification_matrix:
   rows: 3
   cols: 3
   data: [ 1., 0., 0., 0., 1., 0., 0., 0., 1. ]
projection_matrix:
   rows: 3
   cols: 4
   data: [ 369.65225475, 0.00000000, 317.41084129, 0., 0.00000000, 369.66245522, 231.48877543, 0., 0.00000000, 0.00000000, 1.00000000, 0. ]
