depth_rgb_rotation: [ 0.999916, -0.012936, 0.000967, 0.012928, 0.999889, 0.007356, -0.001063, -0.007343, 0.999972 ]
depth_rgb_translation: [ -0.025867, -0.000129, -0.001035 ]
projector_coefficients:
    u_coeff: 4.25621024e-04
    v_coeff: 0.000084075348
    d_coeff: 1.69170114
    offset: -1.14311966e+01
